MODEL: MC3A-1000 
SN: M6024M.1 
DATE: 6/5/2017 
XOFFSET: 0.002   
YOFFSET: -0.005  
ZOFFSET: -1.361  
LENGTH: 3.00 
WIDTH: 3.00 
COEFFROW1:    3.0703400,    0.0464411,    0.0010382,   -0.0159381,    0.0364615,   -0.0004580 
COEFFROW2:    0.0350229,    3.0936970,    0.0015046,   -0.0350085,   -0.0048787,   -0.0673950 
COEFFROW3:   -0.0106655,   -0.0136536,    0.7036677,    0.0053460,    0.0016840,   -0.0051950 
COEFFROW4:   -0.0000694,   -0.0802501,   -0.0199246,    4.3460990,    0.0106630,   -0.0563130 
COEFFROW5:   -0.0803512,   -0.0792516,   -0.0082500,    0.0412912,    4.3515750,   -0.0262690 
COEFFROW6:    0.0059010,    0.0974873,    0.0009339,    0.0065171,    0.0008805,    3.3259280 
CAPACITY:       500.00,       500.00,      1000.00,      1000.00,      1000.00,       500.00 
BRIDGERES:       350.00,       350.00,       700.00,       350.00,       350.00,       350.00 
